0:2,1,15
1:2,0,50
2:1,0,15,4,3
3:8,9,4,2,50
4:10,2,3,8
5:7,6,49
6:5,7,9
7:14,9,17,5,18,6
8:14,3,4,10,11,9
9:14,3,7,6,8
10:4,19,11,8
11:10,12,13,8
12:11,13,16,26,28
13:12,16,14,11
14:13,8,9,17,7
15:2,0,19
16:12,13,17
17:18,14,16,7
18:49,17,7
19:15,10,20
20:19,21,22
21:20,22
22:21,20,23
23:22,24,29
24:25,23,26,29
25:26,24,29,28
26:12,25,24
28:12,25
29:24,23,25,30,31
30:29,31
31:33,29,30
33:35,31
35:48,47,42,33,38,41
38:44,39,46,45,41,47,35
39:41,42,43,38,47
41:43,39,42,44,38,40,35
42:43,41,39,35
43:42,41,40,39,44
44:41,38,45,43
45:38,44,46
46:47,48,38,45
47:46,48,39,38,35
48:46,47,35
49:18,5
50:1,3
